0, 0
1, 0
2, 0
3, 0
4, 0
5, 0
6, 0
7, 0
8, 0
9, 0
10, 0
11, 0
12, 0
13, 0
14, 0
15, 0
16, 0
17, 0
18, 0
19, 0
20, 0
21, 0
22, 0
23, 0
24, 0
25, 0
26, 0
27, 0
28, 0
29, 0
30, 1
31, 1
32, 1
33, 1
34, 1
35, 1
36, 1
37, 1
38, 1
39, 1
40, 1
41, 1
42, 1
43, 1
44, 1
45, 1
46, 1
47, 1
48, 1
49, 1
50, 1
51, 1
52, 1
53, 1
54, 1
55, 1
56, 1
57, 1
58, 1
59, 1
60, 2
61, 2
62, 2
63, 2
64, 2
65, 2
66, 2
67, 2
68, 2
69, 2
70, 2
71, 2
72, 2
73, 2
74, 2
75, 2
76, 2
77, 2
78, 2
79, 2
80, 2
81, 2
82, 2
83, 3
84, 3
85, 3
86, 3
87, 3
88, 3
89, 3
90, 3
91, 3
92, 3
93, 3
94, 3
95, 3
96, 3
97, 3
98, 3
99, 3
100, 3
101, 3
102, 3
103, 3
104, 3
105, 3
106, 3
107, 3
108, 3
109, 3
110, 3
111, 3
112, 3
113, 4
114, 4
115, 4
116, 4
117, 4
118, 4
119, 4
120, 4
121, 4
122, 4
123, 4
124, 4
125, 4
126, 4
127, 4
128, 4
129, 4
130, 4
131, 4
132, 4
133, 4
134, 4
135, 4
136, 4
137, 4
138, 4
139, 5
140, 5
141, 5
142, 5
143, 5
144, 5
145, 5
146, 5
147, 5
148, 5
149, 5
150, 5
151, 5
152, 5
153, 5
154, 5
155, 5
156, 5
157, 5
158, 5
159, 5
160, 5
161, 5
162, 5
163, 5
164, 5
165, 5
166, 5
167, 5
168, 5
169, 6
170, 6
171, 6
172, 6
173, 6
174, 6
175, 6
176, 6
177, 6
178, 6
179, 6
180, 6
181, 6
182, 6
183, 6
184, 6
185, 6
186, 6
187, 6
188, 6
189, 6
190, 6
191, 6
192, 6
193, 6
194, 6
195, 6
196, 6
197, 6
198, 6
199, 7
200, 7
201, 7
202, 7
203, 7
204, 7
205, 7
206, 7
207, 7
208, 7
209, 7
210, 7
211, 7
212, 7
213, 7
214, 7
215, 7
216, 7
217, 7
218, 7
219, 7
220, 7
221, 7
222, 7
223, 7
224, 7
225, 7
226, 7
227, 8
228, 8
229, 8
230, 8
231, 8
232, 8
233, 8
234, 8
235, 8
236, 8
237, 8
238, 8
239, 8
240, 8
241, 8
242, 8
243, 8
244, 8
245, 8
246, 8
247, 8
248, 8
249, 8
250, 8
251, 8
252, 8
253, 8
254, 8
255, 9
256, 9
257, 9
258, 9
259, 9
260, 9
261, 9
262, 9
263, 9
264, 9
265, 9
266, 9
267, 9
268, 9
269, 9
270, 10
271, 10
272, 10
273, 10
274, 10
275, 10
276, 10
277, 10
278, 10
279, 10
280, 10
281, 10
282, 10
283, 10
284, 10
285, 10
286, 10
287, 10
288, 10
289, 10
290, 10
291, 10
292, 10
293, 10
294, 10
295, 10
296, 10
297, 10
298, 10
299, 11
300, 11
301, 11
302, 11
303, 11
304, 11
305, 11
306, 11
307, 11
308, 11
309, 11
310, 11
311, 11
312, 11
313, 11
314, 11
315, 11
316, 11
317, 11
318, 11
319, 11
320, 11
321, 11
322, 11
323, 11
324, 11
325, 12
326, 12
327, 12
328, 12
329, 12
330, 12
331, 12
332, 12
333, 12
334, 12
335, 12
336, 12
337, 12
338, 12
339, 12
340, 12
341, 12
342, 12
343, 12
344, 12
345, 12
346, 12
347, 13
348, 13
349, 13
350, 13
351, 13
352, 13
353, 13
354, 13
355, 13
356, 13
357, 13
358, 13
359, 13
360, 13
361, 13
362, 13
363, 13
364, 13
365, 13
366, 13
367, 13
368, 13
369, 13
370, 13
371, 13
372, 13
373, 13
374, 13
375, 13
376, 13
377, 14
378, 14
379, 14
380, 14
381, 14
382, 14
383, 14
384, 14
385, 14
386, 14
387, 14
388, 14
389, 14
390, 14
391, 14
392, 14
393, 14
394, 14
395, 14
396, 14
397, 14
398, 14
399, 14
400, 14
401, 14
402, 14
403, 14
404, 14
405, 14
406, 15
407, 15
408, 15
409, 15
410, 15
411, 15
412, 15
413, 15
414, 15
415, 15
416, 15
417, 15
418, 15
419, 15
420, 15
421, 15
422, 15
423, 15
424, 15
425, 15
426, 15
427, 15
428, 15
429, 15
430, 15
431, 15
432, 15
433, 15
434, 15
435, 16
436, 16
437, 16
438, 16
439, 16
440, 16
441, 16
442, 16
443, 16
444, 16
445, 16
446, 16
447, 16
448, 16
449, 16
450, 16
451, 16
452, 16
453, 16
454, 16
455, 16
456, 16
457, 16
458, 16
459, 16
460, 16
461, 16
462, 16
463, 16
464, 16
465, 17
466, 17
467, 17
468, 17
469, 17
470, 17
471, 17
472, 17
473, 17
474, 17
475, 17
476, 17
477, 17
478, 17
479, 17
480, 17
481, 17
482, 17
483, 17
484, 17
485, 17
486, 17
487, 17
488, 17
489, 17
490, 17
491, 17
492, 17
493, 17
494, 17
495, 18
496, 18
497, 18
498, 18
499, 18
500, 18
501, 18
502, 18
503, 18
504, 18
505, 18
506, 18
507, 18
508, 18
509, 18
510, 18
511, 18
512, 18
513, 18
514, 18
515, 18
516, 18
517, 18
518, 18
519, 18
520, 18
521, 18
522, 18
523, 18
524, 18
525, 19
526, 19
527, 19
528, 19
529, 19
530, 19
531, 19
532, 19
533, 19
534, 19
535, 19
536, 19
537, 19
538, 19
539, 19
540, 19
541, 19
542, 19
543, 19
544, 19
545, 19
546, 19
547, 19
548, 19
549, 19
550, 19
551, 19
552, 19
553, 19
554, 19
555, 20
556, 20
557, 20
558, 20
559, 20
560, 20
561, 20
562, 20
563, 20
564, 20
565, 20
566, 20
567, 20
568, 20
569, 20
570, 20
571, 20
572, 20
573, 20
574, 20
575, 20
576, 20
577, 20
578, 20
579, 20
580, 20
581, 20
582, 20
583, 20
584, 20
585, 21
586, 21
587, 21
588, 21
589, 21
590, 21
591, 21
592, 21
593, 21
594, 21
595, 21
596, 21
597, 21
598, 21
599, 21
600, 21
601, 21
602, 21
603, 21
604, 21
605, 21
606, 21
607, 21
608, 21
609, 21
610, 21
611, 21
612, 21
613, 21
614, 21
615, 22
616, 22
617, 22
618, 22
619, 22
620, 22
621, 22
622, 22
623, 22
624, 22
625, 22
626, 22
627, 22
628, 22
629, 22
630, 22
631, 22
632, 22
633, 22
634, 22
635, 22
636, 22
637, 22
638, 22
639, 22
640, 22
641, 22
642, 22
643, 22
644, 22
645, 23
646, 23
647, 23
648, 23
649, 23
650, 23
651, 23
652, 23
653, 23
654, 23
655, 23
656, 23
657, 23
658, 23
659, 23
660, 23
661, 23
662, 23
663, 23
664, 23
665, 23
666, 23
667, 23
668, 23
669, 23
670, 23
671, 23
672, 23
673, 23
674, 23
675, 24
676, 24
677, 24
678, 24
679, 24
680, 24
681, 24
682, 24
683, 24
684, 24
685, 24
686, 24
687, 24
688, 24
689, 24
690, 24
691, 24
692, 24
693, 24
694, 24
695, 24
696, 24
697, 24
698, 24
699, 24
700, 24
701, 24
702, 24
703, 24
704, 24
705, 25
706, 25
707, 25
708, 25
709, 25
710, 25
711, 25
712, 25
713, 25
714, 25
715, 25
716, 25
717, 25
718, 25
719, 25
720, 25
721, 25
722, 25
723, 25
724, 25
725, 25
726, 25
727, 25
728, 25
729, 25
730, 25
731, 25
732, 25
733, 25
734, 25
735, 26
736, 26
737, 26
738, 26
739, 26
740, 26
741, 26
742, 26
743, 26
744, 26
745, 26
746, 26
747, 26
748, 26
749, 26
750, 26
751, 26
752, 26
753, 26
754, 26
755, 26
756, 26
757, 26
758, 26
759, 26
760, 26
761, 26
762, 26
763, 26
764, 26
765, 27
766, 27
767, 27
768, 27
769, 27
770, 27
771, 27
772, 27
773, 27
774, 27
775, 27
776, 27
777, 27
778, 27
779, 27
780, 27
781, 27
782, 27
783, 27
784, 27
785, 27
786, 27
787, 27
788, 27
789, 27
790, 27
791, 27
792, 27
793, 27
794, 27
795, 28
796, 28
797, 28
798, 28
799, 28
800, 28
801, 28
802, 28
803, 28
804, 28
805, 28
806, 28
807, 28
808, 28
809, 28
810, 28
811, 28
812, 28
813, 28
814, 28
815, 28
816, 28
817, 28
818, 28
819, 28
820, 28
821, 28
822, 28
823, 28
824, 28
825, 29
826, 29
827, 29
828, 29
829, 29
830, 29
831, 29
832, 29
833, 29
834, 29
835, 29
836, 29
837, 29
838, 29
839, 29
840, 29
841, 29
842, 29
843, 29
844, 29
845, 29
846, 29
847, 29
848, 29
849, 29
850, 29
851, 29
852, 29
853, 29
854, 29
855, 30
856, 30
857, 30
858, 30
859, 30
860, 30
861, 30
862, 30
863, 30
864, 30
865, 30
866, 30
867, 30
868, 30
869, 30
870, 30
871, 30
872, 30
873, 30
874, 30
875, 30
876, 30
877, 30
878, 30
879, 30
880, 30
881, 30
882, 30
883, 31
884, 31
885, 31
886, 31
887, 31
888, 31
889, 31
890, 31
891, 31
892, 31
893, 31
894, 31
895, 31
896, 31
897, 31
898, 31
899, 31
900, 31
901, 31
902, 31
903, 31
904, 31
905, 31
906, 31
907, 31
908, 31
909, 31
910, 31
911, 31
912, 32
913, 32
914, 32
915, 32
916, 32
917, 32
918, 32
919, 32
920, 32
921, 32
922, 32
923, 32
924, 32
925, 32
926, 32
927, 32
928, 32
929, 32
930, 32
931, 32
932, 32
933, 32
934, 32
935, 32
936, 32
937, 32
938, 32
939, 32
940, 32
941, 32
942, 33
943, 33
944, 33
945, 33
946, 33
947, 33
948, 33
949, 33
950, 33
951, 33
952, 33
953, 33
954, 33
955, 33
956, 33
957, 33
958, 33
959, 33
960, 33
961, 33
962, 33
963, 33
964, 33
965, 33
966, 33
967, 33
968, 33
969, 33
970, 33
971, 33
972, 34
973, 34
974, 34
975, 34
976, 34
977, 34
978, 34
979, 34
980, 34
981, 34
982, 34
983, 34
984, 34
985, 34
986, 34
987, 34
988, 34
989, 34
990, 34
991, 34
992, 34
993, 34
994, 34
995, 34
996, 34
997, 34
998, 34
999, 34
1000, 34
1001, 34
1002, 35
1003, 35
1004, 35
1005, 35
1006, 35
1007, 35
1008, 35
1009, 35
1010, 35
1011, 35
1012, 35
1013, 35
1014, 35
1015, 35
1016, 35
1017, 35
1018, 35
1019, 35
1020, 35
1021, 35
1022, 35
1023, 35
1024, 35
1025, 35
1026, 35
1027, 35
1028, 35
1029, 35
1030, 35
1031, 35
1032, 36
1033, 36
1034, 36
1035, 36
1036, 36
1037, 36
1038, 36
1039, 36
1040, 36
1041, 36
1042, 36
1043, 36
1044, 36
1045, 36
1046, 36
1047, 36
1048, 36
1049, 36
1050, 36
1051, 36
1052, 36
1053, 36
1054, 36
1055, 36
1056, 36
1057, 36
1058, 36
1059, 36
1060, 36
1061, 36
1062, 37
1063, 37
1064, 37
1065, 37
1066, 37
1067, 37
1068, 37
1069, 37
1070, 37
1071, 37
1072, 37
1073, 37
1074, 37
1075, 37
1076, 37
1077, 37
1078, 37
1079, 37
1080, 37
1081, 37
1082, 37
1083, 37
1084, 37
1085, 37
1086, 37
1087, 37
1088, 37
1089, 37
1090, 37
1091, 37
1092, 38
1093, 38
1094, 38
1095, 38
1096, 38
1097, 38
1098, 38
1099, 38
1100, 38
1101, 38
1102, 38
1103, 38
1104, 38
1105, 38
1106, 38
1107, 38
1108, 38
1109, 38
1110, 38
1111, 38
1112, 38
1113, 38
1114, 38
1115, 38
1116, 38
1117, 38
1118, 38
1119, 38
1120, 38
1121, 38
1122, 39
1123, 39
1124, 39
1125, 39
1126, 39
1127, 39
1128, 39
1129, 39
1130, 39
1131, 39
1132, 39
1133, 39
1134, 39
1135, 39
1136, 39
1137, 39
1138, 39
1139, 39
1140, 39
1141, 39
1142, 39
1143, 39
1144, 39
1145, 39
1146, 39
1147, 39
1148, 39
1149, 40
1150, 40
1151, 40
1152, 40
1153, 40
1154, 40
1155, 40
1156, 40
1157, 40
1158, 40
1159, 40
1160, 40
1161, 40
1162, 40
1163, 40
1164, 40
1165, 40
1166, 40
1167, 40
1168, 40
1169, 40
1170, 40
1171, 40
1172, 40
1173, 40
1174, 40
1175, 40
1176, 40
1177, 40
1178, 40
1179, 41
1180, 41
1181, 41
1182, 41
1183, 41
1184, 41
1185, 41
1186, 41
1187, 41
1188, 41
1189, 41
1190, 41
1191, 41
1192, 41
1193, 41
1194, 41
1195, 41
1196, 41
1197, 41
1198, 41
1199, 41
1200, 41
1201, 41
1202, 41
1203, 41
1204, 41
1205, 41
1206, 41
1207, 41
1208, 41
1209, 42
1210, 42
1211, 42
1212, 42
1213, 42
1214, 42
1215, 42
1216, 42
1217, 42
1218, 42
1219, 42
1220, 42
1221, 42
1222, 42
1223, 42
1224, 42
1225, 42
1226, 42
1227, 42
1228, 42
1229, 42
1230, 42
1231, 42
1232, 42
1233, 42
1234, 42
1235, 42
1236, 42
1237, 42
1238, 42
1239, 43
1240, 43
1241, 43
1242, 43
1243, 43
1244, 43
1245, 43
1246, 43
1247, 43
1248, 43
1249, 43
1250, 43
1251, 43
1252, 43
1253, 43
1254, 43
1255, 43
1256, 43
1257, 43
1258, 43
1259, 43
1260, 43
1261, 43
1262, 43
1263, 43
1264, 43
1265, 43
1266, 43
1267, 43
1268, 43
1269, 44
1270, 44
1271, 44
1272, 44
1273, 44
1274, 44
1275, 44
1276, 44
1277, 44
1278, 44
1279, 44
1280, 44
1281, 44
1282, 44
1283, 44
1284, 44
1285, 44
1286, 44
1287, 44
1288, 44
1289, 44
1290, 44
1291, 44
1292, 44
1293, 44
1294, 44
1295, 44
1296, 44
1297, 44
1298, 44
1299, 45
1300, 45
1301, 45
1302, 45
1303, 45
1304, 45
1305, 45
1306, 45
1307, 45
1308, 45
1309, 45
1310, 45
1311, 45
1312, 45
1313, 45
1314, 45
1315, 45
1316, 45
1317, 45
1318, 45
1319, 45
1320, 45
1321, 45
1322, 45
1323, 45
1324, 45
1325, 45
1326, 45
1327, 45
1328, 45
1329, 46
1330, 46
1331, 46
1332, 46
1333, 46
1334, 46
1335, 46
1336, 46
1337, 46
1338, 46
1339, 46
1340, 46
1341, 46
1342, 46
1343, 46
1344, 46
1345, 46
1346, 46
1347, 46
1348, 46
1349, 46
1350, 46
1351, 46
1352, 46
1353, 46
1354, 46
1355, 46
1356, 46
1357, 46
1358, 46
1359, 47
1360, 47
1361, 47
1362, 47
1363, 47
1364, 47
1365, 47
1366, 47
1367, 47
1368, 47
1369, 47
1370, 47
1371, 47
1372, 47
1373, 47
1374, 47
1375, 47
1376, 47
1377, 47
1378, 47
1379, 47
1380, 47
1381, 47
1382, 47
1383, 47
1384, 47
1385, 47
1386, 47
1387, 47
1388, 47
1389, 48
1390, 48
1391, 48
1392, 48
1393, 48
1394, 48
1395, 48
1396, 48
1397, 48
1398, 48
1399, 48
1400, 48
1401, 48
1402, 48
1403, 48
1404, 48
1405, 48
1406, 48
1407, 48
1408, 48
1409, 48
1410, 48
1411, 48
1412, 48
1413, 48
1414, 48
1415, 48
1416, 48
1417, 48
1418, 48
1419, 49
1420, 49
1421, 49
1422, 49
1423, 49
1424, 49
1425, 49
1426, 49
1427, 49
1428, 49
1429, 49
1430, 49
1431, 49
1432, 49
1433, 49
1434, 49
1435, 49
1436, 49
1437, 49
1438, 49
1439, 49
1440, 49
1441, 49
1442, 49
1443, 49
1444, 49
1445, 49
1446, 49
1447, 49
1448, 49
1449, 50
1450, 50
1451, 50
1452, 50
1453, 50
1454, 50
1455, 50
1456, 50
1457, 50
1458, 50
1459, 50
1460, 50
1461, 50
1462, 50
1463, 50
1464, 50
1465, 50
1466, 50
1467, 50
1468, 50
1469, 50
1470, 50
1471, 50
1472, 50
1473, 50
1474, 50
1475, 50
1476, 50
1477, 50
1478, 50
1479, 51
1480, 51
1481, 51
1482, 51
1483, 51
1484, 51
1485, 51
1486, 51
1487, 51
1488, 51
1489, 51
1490, 51
1491, 51
1492, 51
1493, 51
1494, 51
1495, 51
1496, 51
1497, 51
1498, 51
1499, 51
1500, 51
1501, 51
1502, 51
1503, 51
1504, 51
1505, 51
1506, 51
1507, 51
1508, 51
1509, 52
1510, 52
1511, 52
1512, 52
1513, 52
1514, 52
1515, 52
1516, 52
1517, 52
1518, 52
1519, 52
1520, 52
1521, 52
1522, 52
1523, 52
1524, 52
1525, 52
1526, 52
1527, 52
1528, 52
1529, 52
1530, 52
1531, 52
1532, 52
1533, 52
1534, 52
1535, 52
1536, 52
1537, 52
1538, 52
1539, 53
1540, 53
1541, 53
1542, 53
1543, 53
1544, 53
1545, 53
1546, 53
1547, 53
1548, 53
1549, 53
1550, 53
1551, 53
1552, 53
1553, 53
1554, 53
1555, 53
1556, 53
1557, 53
1558, 53
1559, 53
1560, 53
1561, 53
1562, 53
1563, 53
1564, 53
1565, 53
1566, 53
1567, 53
1568, 53
1569, 54
1570, 54
1571, 54
1572, 54
1573, 54
1574, 54
1575, 54
1576, 54
1577, 54
1578, 54
1579, 54
1580, 54
1581, 54
1582, 54
1583, 54
1584, 54
1585, 54
1586, 54
1587, 54
1588, 54
1589, 54
1590, 54
1591, 54
1592, 54
1593, 54
1594, 54
1595, 54
1596, 54
1597, 54
1598, 54
1599, 55
1600, 55
1601, 55
1602, 55
1603, 55
1604, 55
1605, 55
1606, 55
1607, 55
1608, 55
1609, 55
1610, 55
1611, 55
1612, 55
1613, 55
1614, 55
1615, 55
1616, 55
1617, 55
1618, 55
1619, 55
1620, 55
1621, 55
1622, 55
1623, 55
1624, 55
1625, 55
1626, 55
1627, 55
1628, 56
1629, 56
1630, 56
1631, 56
1632, 56
1633, 56
1634, 56
1635, 56
1636, 56
1637, 56
1638, 56
1639, 56
1640, 56
1641, 56
1642, 56
1643, 56
1644, 56
1645, 56
1646, 56
1647, 56
1648, 56
1649, 56
1650, 56
1651, 56
1652, 56
1653, 56
1654, 56
1655, 56
1656, 56
1657, 56
1658, 57
1659, 57
1660, 57
1661, 57
1662, 57
1663, 57
1664, 57
1665, 57
1666, 57
1667, 57
1668, 57
1669, 57
1670, 57
1671, 57
1672, 57
1673, 57
1674, 57
1675, 57
1676, 57
1677, 57
1678, 57
1679, 57
1680, 57
1681, 57
1682, 57
1683, 57
1684, 57
1685, 57
1686, 57
1687, 57
1688, 58
1689, 58
1690, 58
1691, 58
1692, 58
1693, 58
1694, 58
1695, 58
1696, 58
1697, 58
1698, 58
1699, 58
1700, 58
1701, 58
1702, 58
1703, 58
1704, 58
1705, 58
1706, 58
1707, 58
1708, 59
1709, 59
1710, 59
1711, 59
1712, 59
1713, 59
1714, 59
1715, 59
1716, 59
1717, 59
1718, 59
1719, 59
1720, 59
1721, 59
1722, 59
1723, 59
1724, 59
1725, 59
1726, 59
1727, 60
1728, 60
1729, 60
1730, 60
1731, 60
1732, 60
1733, 60
1734, 60
1735, 60
1736, 60
1737, 60
1738, 60
1739, 60
1740, 60
1741, 60
1742, 60
1743, 60
1744, 60
1745, 60
1746, 60
1747, 60
1748, 60
1749, 60
1750, 60
1751, 60
1752, 60
1753, 60
1754, 60
1755, 60
1756, 60
1757, 61
1758, 61
1759, 61
1760, 61
1761, 61
1762, 61
1763, 61
1764, 61
1765, 61
1766, 61
1767, 61
1768, 61
1769, 61
1770, 61
1771, 61
1772, 61
1773, 61
1774, 61
1775, 61
1776, 61
1777, 61
1778, 61
1779, 61
1780, 61
1781, 61
1782, 61
1783, 61
1784, 61
1785, 61
1786, 61
1787, 62
1788, 62
1789, 62
1790, 62
1791, 62
1792, 62
1793, 62
1794, 62
1795, 62
1796, 62
1797, 62
1798, 62
1799, 62
1800, 62
1801, 62
1802, 62
1803, 62
1804, 62
1805, 62
1806, 62
1807, 62
1808, 62
1809, 62
1810, 62
1811, 62
1812, 62
1813, 62
1814, 62
1815, 62
1816, 62
1817, 63
1818, 63
1819, 63
1820, 63
1821, 63
1822, 63
1823, 63
1824, 63
1825, 63
1826, 63
1827, 63
1828, 63
1829, 63
1830, 63
1831, 63
1832, 63
1833, 63
1834, 63
1835, 63
1836, 63
1837, 63
1838, 63
1839, 63
1840, 63
1841, 63
1842, 63
1843, 63
1844, 63
1845, 63
1846, 63
1847, 64
1848, 64
1849, 64
1850, 64
1851, 64
1852, 64
1853, 64
1854, 64
1855, 64
1856, 64
1857, 64
1858, 64
1859, 64
1860, 64
1861, 64
1862, 64
1863, 64
1864, 64
1865, 64
1866, 64
1867, 64
1868, 64
1869, 64
1870, 64
1871, 64
1872, 64
1873, 64
1874, 64
1875, 64
1876, 64
1877, 65
1878, 65
1879, 65
1880, 65
1881, 65
1882, 65
1883, 65
1884, 65
1885, 65
1886, 65
1887, 65
1888, 65
1889, 65
1890, 65
1891, 65
1892, 65
1893, 65
1894, 65
1895, 65
1896, 65
1897, 65
1898, 65
1899, 65
1900, 65
1901, 65
1902, 65
1903, 65
1904, 65
1905, 65
1906, 65
1907, 66
1908, 66
1909, 66
1910, 66
1911, 66
1912, 66
1913, 66
1914, 66
1915, 66
1916, 66
1917, 66
1918, 66
1919, 66
1920, 66
1921, 66
1922, 66
1923, 66
1924, 66
1925, 66
1926, 66
1927, 66
1928, 66
1929, 66
1930, 66
1931, 66
1932, 66
1933, 66
1934, 66
1935, 66
1936, 67
1937, 67
1938, 67
1939, 67
1940, 67
1941, 67
1942, 67
1943, 67
1944, 67
1945, 67
1946, 67
1947, 67
1948, 67
1949, 67
1950, 67
1951, 67
1952, 67
1953, 67
1954, 67
1955, 67
1956, 67
1957, 67
1958, 67
1959, 67
1960, 67
1961, 67
1962, 67
1963, 67
1964, 67
1965, 67
1966, 68
1967, 68
1968, 68
1969, 68
1970, 68
1971, 68
1972, 68
1973, 68
1974, 68
1975, 68
1976, 68
1977, 68
1978, 68
1979, 68
1980, 68
1981, 68
1982, 68
1983, 68
1984, 68
1985, 68
1986, 68
1987, 68
1988, 68
1989, 68
1990, 68
1991, 68
1992, 68
1993, 68
1994, 68
1995, 68
1996, 69
1997, 69
1998, 69
1999, 69
2000, 69
2001, 69
2002, 69
2003, 69
2004, 69
2005, 69
2006, 69
2007, 69
2008, 69
2009, 69
2010, 69
2011, 69
2012, 69
2013, 69
2014, 69
2015, 69
2016, 69
2017, 69
2018, 69
2019, 69
2020, 69
2021, 69
2022, 69
2023, 69
2024, 69
2025, 69
2026, 70
2027, 70
2028, 70
2029, 70
2030, 70
2031, 70
2032, 70
2033, 70
2034, 70
2035, 70
2036, 70
2037, 70
2038, 70
2039, 70
2040, 70
2041, 70
2042, 70
2043, 70
2044, 70
2045, 70
2046, 70
2047, 70
2048, 70
2049, 70
2050, 70
2051, 70
2052, 70
2053, 70
2054, 70
2055, 70
2056, 71
2057, 71
2058, 71
2059, 71
2060, 71
2061, 71
2062, 71
2063, 71
2064, 71
2065, 71
2066, 71
2067, 71
2068, 71
2069, 71
2070, 71
2071, 71
2072, 71
2073, 71
2074, 71
2075, 71
2076, 71
2077, 71
2078, 71
2079, 71
2080, 71
2081, 71
2082, 71
2083, 71
2084, 71
2085, 71
2086, 72
2087, 72
2088, 72
2089, 72
2090, 72
2091, 72
2092, 72
2093, 72
2094, 72
2095, 72
2096, 72
2097, 72
2098, 72
2099, 72
2100, 72
2101, 72
2102, 72
2103, 72
2104, 72
2105, 72
2106, 72
2107, 72
2108, 72
2109, 72
2110, 72
2111, 72
2112, 72
2113, 72
2114, 72
2115, 72
2116, 73
2117, 73
2118, 73
2119, 73
2120, 73
2121, 73
2122, 73
2123, 73
2124, 73
2125, 73
2126, 73
2127, 73
2128, 73
2129, 73
2130, 73
2131, 73
2132, 73
2133, 73
2134, 73
2135, 73
2136, 73
2137, 74
2138, 74
2139, 74
2140, 74
2141, 74
2142, 74
2143, 74
2144, 74
2145, 74
2146, 74
2147, 74
2148, 74
2149, 74
2150, 74
2151, 74
2152, 74
2153, 74
2154, 74
2155, 74
2156, 74
2157, 74
2158, 74
2159, 74
2160, 74
2161, 74
2162, 74
2163, 74
2164, 74
2165, 74
2166, 74
2167, 75
2168, 75
2169, 75
2170, 75
2171, 75
2172, 75
2173, 75
2174, 75
2175, 75
2176, 75
2177, 75
2178, 75
2179, 75
2180, 75
2181, 75
2182, 75
2183, 75
2184, 75
2185, 75
2186, 75
2187, 75
2188, 75
2189, 75
2190, 75
2191, 75
2192, 75
2193, 75
2194, 75
2195, 75
2196, 75
2197, 76
2198, 76
2199, 76
2200, 76
2201, 76
2202, 76
2203, 76
2204, 76
2205, 76
2206, 76
2207, 76
2208, 76
2209, 76
2210, 76
2211, 76
2212, 76
2213, 76
2214, 76
2215, 76
2216, 76
2217, 76
2218, 76
2219, 76
2220, 76
2221, 76
2222, 76
2223, 76
2224, 76
2225, 76
2226, 76
2227, 77
2228, 77
2229, 77
2230, 77
2231, 77
2232, 77
2233, 77
2234, 77
2235, 77
2236, 77
2237, 77
2238, 77
2239, 77
2240, 77
2241, 77
2242, 77
2243, 77
2244, 77
2245, 77
2246, 77
2247, 77
2248, 77
2249, 77
2250, 77
2251, 77
2252, 77
2253, 77
2254, 77
2255, 77
2256, 77
2257, 78
2258, 78
2259, 78
2260, 78
2261, 78
2262, 78
2263, 78
2264, 78
2265, 78
2266, 78
2267, 78
2268, 78
2269, 78
2270, 78
2271, 78
2272, 78
2273, 78
2274, 78
2275, 78
2276, 78
2277, 78
2278, 78
2279, 78
2280, 78
2281, 78
2282, 78
2283, 78
2284, 78
2285, 78
2286, 78
2287, 79
2288, 79
2289, 79
2290, 79
2291, 79
2292, 79
2293, 79
2294, 79
2295, 79
2296, 79
2297, 79
2298, 79
2299, 79
2300, 79
2301, 79
2302, 79
2303, 79
2304, 79
2305, 79
2306, 79
2307, 79
2308, 79
2309, 79
2310, 79
2311, 79
2312, 79
2313, 79
2314, 79
2315, 79
2316, 79
2317, 80
2318, 80
2319, 80
2320, 80
2321, 80
2322, 80
2323, 80
2324, 80
2325, 80
2326, 80
2327, 80
2328, 80
2329, 80
2330, 80
2331, 80
2332, 80
2333, 80
2334, 80
2335, 80
2336, 80
2337, 80
2338, 80
2339, 80
2340, 80
2341, 80
2342, 80
2343, 80
2344, 80
2345, 80
2346, 81
2347, 81
2348, 81
2349, 81
2350, 81
2351, 81
2352, 81
2353, 81
2354, 81
2355, 81
2356, 81
2357, 81
2358, 81
2359, 81
2360, 81
2361, 81
2362, 81
2363, 81
2364, 81
2365, 81
2366, 81
2367, 81
2368, 81
2369, 81
2370, 81
2371, 81
2372, 81
2373, 81
2374, 81
2375, 82
2376, 82
2377, 82
2378, 82
2379, 82
2380, 82
2381, 82
2382, 82
2383, 82
2384, 82
2385, 82
2386, 82
2387, 82
2388, 82
2389, 82
2390, 82
2391, 82
2392, 82
2393, 82
2394, 82
2395, 82
2396, 82
2397, 82
2398, 82
2399, 82
2400, 82
2401, 82
2402, 82
2403, 82
2404, 82
2405, 83
2406, 83
2407, 83
2408, 83
2409, 83
2410, 83
2411, 83
2412, 83
2413, 83
2414, 83
2415, 83
2416, 83
2417, 83
2418, 83
2419, 83
2420, 83
2421, 83
2422, 83
2423, 83
2424, 83
2425, 83
2426, 83
2427, 83
2428, 83
2429, 83
2430, 83
2431, 83
2432, 83
2433, 83
2434, 83
2435, 84
2436, 84
2437, 84
2438, 84
2439, 84
2440, 84
2441, 84
2442, 84
2443, 84
2444, 84
2445, 84
2446, 84
2447, 84
2448, 84
2449, 84
2450, 84
2451, 84
2452, 84
2453, 84
2454, 84
2455, 84
2456, 84
2457, 84
2458, 84
2459, 84
2460, 84
2461, 84
2462, 84
2463, 84
2464, 84
2465, 85
2466, 85
2467, 85
2468, 85
2469, 85
2470, 85
2471, 85
2472, 85
2473, 85
2474, 85
2475, 85
2476, 85
2477, 85
2478, 85
2479, 85
2480, 85
2481, 85
2482, 85
2483, 85
2484, 85
2485, 85
2486, 85
2487, 85
2488, 85
2489, 85
2490, 85
2491, 85
2492, 85
2493, 85
2494, 85
2495, 86
2496, 86
2497, 86
2498, 86
2499, 86
2500, 86
2501, 86
2502, 86
2503, 86
2504, 86
2505, 86
2506, 86
2507, 86
2508, 86
2509, 86
2510, 86
2511, 86
2512, 86
2513, 86
2514, 86
2515, 86
2516, 86
2517, 86
2518, 86
2519, 86
2520, 86
2521, 86
2522, 86
2523, 86
2524, 87
2525, 87
2526, 87
2527, 87
2528, 87
2529, 87
2530, 87
2531, 87
2532, 87
2533, 87
2534, 87
2535, 87
2536, 87
2537, 87
2538, 87
2539, 87
2540, 87
2541, 87
2542, 87
2543, 87
2544, 87
2545, 87
2546, 87
2547, 87
2548, 87
2549, 87
2550, 87
2551, 87
2552, 87
2553, 87
2554, 88
2555, 88
2556, 88
2557, 88
2558, 88
2559, 88
2560, 88
2561, 88
2562, 88
2563, 88
2564, 88
2565, 88
2566, 88
2567, 88
2568, 88
2569, 88
2570, 88
2571, 88
2572, 88
2573, 88
2574, 88
2575, 88
2576, 88
2577, 88
2578, 88
2579, 88
2580, 88
2581, 88
2582, 88
2583, 88
2584, 89
2585, 89
2586, 89
2587, 89
2588, 89
2589, 89
2590, 89
2591, 89
2592, 89
2593, 89
2594, 89
2595, 89
2596, 89
2597, 89
2598, 89
2599, 89
2600, 89
2601, 89
2602, 89
2603, 89
2604, 89
2605, 89
2606, 89
2607, 89
2608, 89
2609, 89
2610, 89
2611, 89
2612, 89
2613, 89
2614, 90
2615, 90
2616, 90
2617, 90
2618, 90
2619, 90
2620, 90
2621, 90
2622, 90
2623, 90
2624, 90
2625, 90
2626, 90
2627, 90
2628, 90
2629, 90
2630, 90
2631, 90
2632, 90
2633, 90
2634, 91
2635, 91
2636, 91
2637, 91
2638, 91
2639, 91
2640, 91
2641, 91
2642, 91
2643, 91
2644, 91
2645, 91
2646, 91
2647, 91
2648, 91
2649, 91
2650, 91
2651, 91
2652, 91
2653, 91
2654, 91
2655, 91
2656, 91
2657, 91
2658, 91
2659, 91
2660, 91
2661, 91
2662, 91
2663, 91
2664, 92
2665, 92
2666, 92
2667, 92
2668, 92
2669, 92
2670, 92
2671, 92
2672, 92
2673, 92
2674, 92
2675, 92
2676, 92
2677, 92
2678, 92
2679, 92
2680, 92
2681, 92
2682, 92
2683, 92
2684, 92
2685, 92
2686, 92
2687, 92
2688, 92
2689, 92
2690, 92
2691, 92
2692, 92
2693, 92
2694, 93
2695, 93
2696, 93
2697, 93
2698, 93
2699, 93
2700, 93
2701, 93
2702, 93
2703, 93
2704, 93
2705, 93
2706, 93
2707, 93
2708, 93
2709, 93
2710, 93
2711, 93
2712, 93
2713, 93
2714, 93
2715, 93
2716, 93
2717, 93
2718, 93
2719, 93
2720, 93
2721, 93
2722, 93
2723, 94
2724, 94
2725, 94
2726, 94
2727, 94
2728, 94
2729, 94
2730, 94
2731, 94
2732, 94
2733, 94
2734, 94
2735, 94
2736, 94
2737, 94
2738, 94
2739, 94
2740, 94
2741, 94
2742, 94
2743, 94
2744, 94
2745, 94
2746, 94
2747, 94
2748, 94
2749, 94
2750, 94
2751, 94
2752, 94
2753, 95
2754, 95
2755, 95
2756, 95
2757, 95
2758, 95
2759, 95
2760, 95
2761, 95
2762, 95
2763, 95
2764, 95
2765, 95
2766, 95
2767, 95
2768, 95
2769, 95
2770, 95
2771, 95
2772, 95
2773, 95
2774, 95
2775, 95
2776, 95
2777, 95
2778, 95
2779, 95
2780, 95
2781, 95
2782, 95
2783, 96
2784, 96
2785, 96
2786, 96
2787, 96
2788, 96
2789, 96
2790, 96
2791, 96
2792, 96
2793, 96
2794, 96
2795, 96
2796, 96
2797, 96
2798, 96
2799, 96
2800, 96
2801, 96
2802, 96
2803, 96
2804, 96
2805, 96
2806, 96
2807, 96
2808, 96
2809, 96
2810, 96
2811, 96
2812, 96
2813, 97
2814, 97
2815, 97
2816, 97
2817, 97
2818, 97
2819, 97
2820, 97
2821, 97
2822, 97
2823, 97
2824, 97
2825, 97
2826, 97
2827, 97
2828, 97
2829, 97
2830, 97
2831, 97
2832, 97
2833, 97
2834, 97
2835, 97
2836, 97
2837, 97
2838, 97
2839, 97
2840, 97
2841, 97
2842, 97
2843, 98
2844, 98
2845, 98
2846, 98
2847, 98
2848, 98
2849, 98
2850, 98
2851, 98
2852, 98
2853, 98
2854, 98
2855, 98
2856, 98
2857, 98
2858, 98
2859, 98
2860, 98
2861, 98
2862, 98
2863, 98
2864, 98
2865, 98
2866, 98
2867, 98
2868, 98
2869, 98
2870, 98
2871, 98
2872, 98
2873, 99
2874, 99
2875, 99
2876, 99
2877, 99
2878, 99
2879, 99
2880, 99
2881, 99
2882, 99
2883, 99
2884, 99
2885, 99
2886, 99
2887, 99
2888, 99
2889, 99
2890, 99
2891, 99
2892, 99
2893, 99
2894, 99
2895, 99
2896, 99
2897, 99
2898, 99
2899, 99
2900, 99
2901, 99
2902, 99
2903, 0
2904, 0
2905, 0
2906, 0
2907, 0
2908, 0
2909, 0
2910, 0
2911, 0
2912, 0
2913, 0
2914, 0
2915, 0
2916, 0
2917, 0
2918, 0
2919, 0
2920, 0
2921, 0
2922, 0
2923, 0
2924, 0
2925, 0
2926, 0
2927, 0
2928, 0
2929, 0
2930, 0
2931, 0
2932, 0
2933, 1
2934, 1
2935, 1
2936, 1
2937, 1
2938, 1
2939, 1
2940, 1
2941, 1
2942, 1
2943, 1
2944, 1
2945, 1
2946, 1
2947, 1
2948, 1
2949, 1
2950, 1
2951, 1
2952, 1
2953, 1
2954, 1
2955, 1
2956, 1
2957, 1
2958, 1
2959, 1
2960, 1
2961, 1
2962, 1
2963, 2
2964, 2
2965, 2
2966, 2
2967, 2
2968, 2
2969, 2
2970, 2
2971, 2
2972, 2
2973, 2
2974, 2
2975, 2
2976, 2
2977, 2
2978, 2
2979, 2
2980, 2
2981, 2
2982, 2
2983, 2
2984, 2
2985, 2
2986, 2
2987, 2
2988, 2
2989, 2
2990, 2
2991, 2
2992, 2
2993, 3
2994, 3
2995, 3
2996, 3
2997, 3
2998, 3
2999, 3
3000, 3
3001, 3
3002, 3
3003, 3
3004, 3
3005, 3
3006, 3
3007, 3
3008, 3
3009, 3
3010, 3
3011, 3
3012, 3
3013, 3
3014, 3
3015, 3
3016, 3
3017, 3
3018, 3
3019, 3
3020, 3
3021, 3
3022, 3
3023, 4
3024, 4
3025, 4
3026, 4
3027, 4
3028, 4
3029, 4
3030, 4
3031, 4
3032, 4
3033, 4
3034, 4
3035, 4
3036, 4
3037, 4
3038, 4
3039, 4
3040, 4
3041, 4
3042, 4
3043, 4
3044, 4
3045, 4
3046, 4
3047, 4
3048, 4
3049, 4
3050, 4
3051, 4
3052, 4
3053, 5
3054, 5
3055, 5
3056, 5
3057, 5
3058, 5
3059, 5
3060, 5
3061, 5
3062, 5
3063, 5
3064, 5
3065, 5
3066, 5
3067, 5
3068, 5
3069, 5
3070, 5
3071, 5
3072, 5
3073, 5
3074, 5
3075, 5
3076, 5
3077, 5
3078, 5
3079, 5
3080, 5
3081, 5
3082, 5
3083, 6
3084, 6
3085, 6
3086, 6
3087, 6
3088, 6
3089, 6
3090, 6
3091, 6
3092, 6
3093, 6
3094, 6
3095, 6
3096, 6
3097, 6
3098, 6
3099, 6
3100, 6
3101, 6
3102, 6
3103, 6
3104, 6
3105, 6
3106, 6
3107, 6
3108, 6
3109, 6
3110, 6
3111, 6
3112, 6
3113, 7
3114, 7
3115, 7
3116, 7
3117, 7
3118, 7
3119, 7
3120, 7
3121, 7
3122, 7
3123, 7
3124, 7
3125, 7
3126, 7
3127, 7
3128, 7
3129, 7
3130, 7
3131, 7
3132, 7
3133, 7
3134, 7
3135, 7
3136, 7
3137, 7
3138, 7
3139, 7
3140, 7
3141, 7
3142, 7
3143, 8
3144, 8
3145, 8
3146, 8
3147, 8
3148, 8
3149, 8
3150, 8
3151, 8
3152, 8
3153, 8
3154, 8
3155, 8
3156, 8
3157, 8
3158, 8
3159, 8
3160, 8
3161, 8
3162, 8
3163, 8
3164, 8
3165, 8
3166, 8
3167, 8
3168, 8
3169, 8
3170, 8
3171, 8
3172, 8
3173, 9
3174, 9
3175, 9
3176, 9
3177, 9
3178, 9
3179, 9
3180, 9
3181, 9
3182, 9
3183, 9
3184, 9
3185, 9
3186, 9
3187, 9
3188, 9
3189, 9
3190, 9
3191, 9
3192, 9
3193, 9
3194, 9
3195, 9
3196, 9
3197, 9
3198, 9
3199, 9
3200, 9
3201, 9
3202, 9
3203, 10
3204, 10
3205, 10
3206, 10
3207, 10
3208, 10
3209, 10
3210, 10
3211, 10
3212, 10
3213, 10
3214, 10
3215, 10
3216, 10
3217, 10
3218, 10
3219, 10
3220, 10
3221, 10
3222, 10
3223, 10
3224, 10
3225, 10
3226, 10
3227, 10
3228, 10
3229, 10
3230, 10
3231, 10
3232, 10
3233, 11
3234, 11
3235, 11
3236, 11
3237, 11
3238, 11
3239, 11
3240, 11
3241, 11
3242, 11
3243, 11
3244, 11
3245, 11
3246, 11
3247, 11
3248, 11
3249, 11
3250, 11
3251, 11
3252, 11
3253, 11
3254, 11
3255, 11
3256, 11
3257, 11
3258, 11
3259, 11
3260, 11
3261, 11
3262, 11
3263, 12
3264, 12
3265, 12
3266, 12
3267, 12
3268, 12
3269, 12
3270, 12
3271, 12
3272, 12
3273, 12
3274, 12
3275, 12
3276, 12
3277, 12
3278, 12
3279, 12
3280, 12
3281, 12
3282, 12
3283, 12
3284, 12
3285, 12
3286, 12
3287, 12
3288, 12
3289, 12
3290, 12
3291, 12
3292, 12
3293, 13
3294, 13
3295, 13
3296, 13
3297, 13
3298, 13
3299, 13
3300, 13
3301, 13
3302, 13
3303, 13
3304, 13
3305, 13
3306, 13
3307, 13
3308, 13
3309, 13
3310, 13
3311, 13
3312, 13
3313, 13
3314, 13
3315, 13
3316, 13
3317, 13
3318, 13
3319, 13
3320, 13
3321, 13
3322, 13
3323, 14
3324, 14
3325, 14
3326, 14
3327, 14
3328, 14
3329, 14
3330, 14
3331, 14
3332, 14
3333, 14
3334, 14
3335, 14
3336, 14
3337, 14
3338, 14
3339, 14
3340, 14
3341, 14
3342, 14
3343, 14
3344, 14
3345, 14
3346, 14
3347, 14
3348, 14
3349, 14
3350, 14
3351, 14
3352, 14
3353, 15
3354, 15
3355, 15
3356, 15
3357, 15
3358, 15
3359, 15
3360, 15
3361, 15
3362, 15
3363, 15
3364, 15
3365, 15
3366, 15
3367, 15
3368, 15
3369, 15
3370, 15
3371, 15
3372, 15
3373, 15
3374, 15
3375, 15
3376, 15
3377, 15
3378, 15
3379, 15
3380, 15
3381, 15
3382, 15
3383, 16
3384, 16
3385, 16
3386, 16
3387, 16
3388, 16
3389, 16
3390, 16
3391, 16
3392, 16
3393, 16
3394, 16
3395, 16
3396, 16
3397, 16
3398, 16
3399, 16
3400, 16
3401, 16
3402, 16
3403, 16
3404, 16
3405, 16
3406, 16
3407, 16
3408, 16
3409, 16
3410, 16
3411, 16
3412, 16
3413, 17
3414, 17
3415, 17
3416, 17
3417, 17
3418, 17
3419, 17
3420, 17
3421, 17
3422, 17
3423, 17
3424, 17
3425, 17
3426, 17
3427, 17
3428, 17
3429, 17
3430, 17
3431, 17
3432, 17
3433, 17
3434, 17
3435, 17
3436, 17
3437, 17
3438, 17
3439, 17
3440, 17
3441, 17
3442, 17
3443, 18
3444, 18
3445, 18
3446, 18
3447, 18
3448, 18
3449, 18
3450, 18
3451, 18
3452, 18
3453, 18
3454, 18
3455, 18
3456, 18
3457, 18
3458, 18
3459, 18
3460, 18
3461, 18
3462, 18
3463, 18
3464, 18
3465, 18
3466, 18
3467, 18
3468, 18
3469, 18
3470, 18
3471, 18
3472, 18
3473, 19
3474, 19
3475, 19
3476, 19
3477, 19
3478, 19
3479, 19
3480, 19
3481, 19
3482, 19
3483, 19
3484, 19
3485, 19
3486, 19
3487, 19
3488, 19
3489, 19
3490, 19
3491, 19
3492, 19
3493, 19
3494, 19
3495, 19
3496, 19
3497, 19
3498, 19
3499, 19
3500, 19
3501, 19
3502, 19
3503, 20
3504, 20
3505, 20
3506, 20
3507, 20
3508, 20
3509, 20
3510, 20
3511, 20
3512, 20
3513, 20
3514, 20
3515, 20
3516, 20
3517, 20
3518, 20
3519, 20
3520, 20
3521, 20
3522, 20
3523, 20
3524, 20
3525, 20
3526, 20
3527, 20
3528, 20
3529, 20
3530, 20
3531, 20
3532, 20
3533, 21
3534, 21
3535, 21
3536, 21
3537, 21
3538, 21
3539, 21
3540, 21
3541, 21
3542, 21
3543, 21
3544, 21
3545, 21
3546, 21
3547, 21
3548, 21
3549, 21
3550, 21
3551, 21
3552, 21
3553, 21
3554, 21
3555, 21
3556, 21
3557, 21
3558, 21
3559, 21
3560, 21
3561, 21
3562, 21
3563, 22
3564, 22
3565, 22
3566, 22
3567, 22
3568, 22
3569, 22
3570, 22
3571, 22
3572, 22
3573, 22
3574, 22
3575, 22
3576, 22
3577, 22
3578, 22
3579, 22
3580, 22
3581, 22
3582, 22
3583, 22
3584, 22
3585, 22
3586, 22
3587, 22
3588, 22
3589, 22
3590, 22
3591, 22
3592, 22
3593, 23
3594, 23
3595, 23
3596, 23
3597, 23
3598, 23
3599, 23
3600, 23
3601, 23
3602, 23
3603, 23
3604, 23
3605, 23
3606, 23
3607, 23
3608, 23
3609, 23
3610, 23
3611, 23
3612, 23
3613, 23
3614, 23
3615, 23
3616, 23
3617, 23
3618, 23
3619, 23
3620, 23
3621, 23
3622, 23
3623, 24
3624, 24
3625, 24
3626, 24
3627, 24
3628, 24
3629, 24
3630, 24
3631, 24
3632, 24
3633, 24
3634, 24
3635, 24
3636, 24
3637, 24
3638, 24
3639, 24
3640, 24
3641, 24
3642, 24
3643, 24
3644, 24
3645, 24
3646, 24
3647, 24
3648, 24
3649, 24
3650, 24
3651, 24
3652, 24
3653, 25
3654, 25
3655, 25
3656, 25
3657, 25
3658, 25
3659, 25
3660, 25
3661, 25
3662, 25
3663, 25
3664, 25
3665, 25
3666, 25
3667, 25
3668, 25
3669, 25
3670, 25
3671, 25
3672, 25
3673, 25
3674, 25
3675, 25
3676, 25
3677, 25
3678, 25
3679, 25
3680, 25
3681, 25
3682, 25
3683, 26
3684, 26
3685, 26
3686, 26
3687, 26
3688, 26
3689, 26
3690, 26
3691, 26
3692, 26
3693, 26
3694, 26
3695, 26
3696, 26
3697, 26
3698, 26
3699, 26
3700, 26
3701, 26
3702, 26
3703, 26
3704, 26
3705, 26
3706, 26
3707, 26
3708, 26
3709, 26
3710, 26
3711, 26
3712, 26
3713, 27
3714, 27
3715, 27
3716, 27
3717, 27
3718, 27
3719, 27
3720, 27
3721, 27
3722, 27
3723, 27
3724, 27
3725, 27
3726, 27
3727, 27
3728, 27
3729, 27
3730, 27
3731, 27
3732, 27
3733, 27
3734, 27
3735, 27
3736, 27
3737, 27
3738, 27
3739, 27
3740, 27
3741, 27
3742, 27
3743, 28
3744, 28
3745, 28
3746, 28
3747, 28
3748, 28
3749, 28
3750, 28
3751, 28
3752, 28
3753, 28
3754, 28
3755, 28
3756, 28
3757, 28
3758, 28
3759, 28
3760, 28
3761, 28
3762, 28
3763, 28
3764, 28
3765, 28
3766, 28
3767, 28
3768, 28
3769, 28
3770, 28
3771, 28
3772, 28
3773, 29
3774, 29
3775, 29
3776, 29
3777, 29
3778, 29
3779, 29
3780, 29
3781, 29
3782, 29
3783, 29
3784, 29
3785, 29
3786, 29
3787, 29
3788, 29
3789, 29
3790, 29
3791, 29
3792, 29
3793, 29
3794, 29
3795, 29
3796, 29
3797, 29
3798, 29
3799, 29
3800, 29
3801, 29
3802, 29
3803, 30
3804, 30
3805, 30
3806, 30
3807, 30
3808, 30
3809, 30
3810, 30
3811, 30
3812, 30
3813, 30
3814, 30
3815, 30
3816, 30
3817, 30
3818, 30
3819, 30
3820, 30
3821, 30
3822, 30
3823, 30
3824, 30
3825, 30
3826, 30
3827, 30
3828, 30
3829, 30
3830, 30
3831, 30
3832, 30
3833, 31
3834, 31
3835, 31
3836, 31
3837, 31
3838, 31
3839, 31
3840, 31
3841, 31
3842, 31
3843, 31
3844, 31
3845, 31
3846, 31
3847, 31
3848, 31
3849, 31
3850, 31
3851, 31
3852, 31
3853, 31
3854, 31
3855, 31
3856, 31
3857, 31
3858, 31
3859, 31
3860, 31
3861, 31
3862, 31
3863, 32
3864, 32
3865, 32
3866, 32
3867, 32
3868, 32
3869, 32
3870, 32
3871, 32
3872, 32
3873, 32
3874, 32
3875, 32
3876, 32
3877, 32
3878, 32
3879, 32
3880, 32
3881, 32
3882, 32
3883, 32
3884, 32
3885, 32
3886, 32
3887, 32
3888, 32
3889, 32
3890, 32
3891, 32
3892, 32
3893, 33
3894, 33
3895, 33
3896, 33
3897, 33
3898, 33
3899, 33
3900, 33
3901, 33
3902, 33
3903, 33
3904, 33
3905, 33
3906, 33
3907, 33
3908, 33
3909, 33
3910, 33
3911, 33
3912, 33
3913, 33
3914, 33
3915, 33
3916, 33
3917, 33
3918, 33
3919, 33
3920, 33
3921, 33
3922, 33
3923, 34
3924, 34
3925, 34
3926, 34
3927, 34
3928, 34
3929, 34
3930, 34
3931, 34
3932, 34
3933, 34
3934, 34
3935, 34
3936, 34
3937, 34
3938, 34
3939, 34
3940, 34
3941, 34
3942, 34
3943, 34
3944, 34
3945, 34
3946, 34
3947, 34
3948, 34
3949, 34
3950, 34
3951, 34
3952, 34
3953, 35
3954, 35
3955, 35
3956, 35
3957, 35
3958, 35
3959, 35
3960, 35
3961, 35
3962, 35
3963, 35
3964, 35
3965, 35
3966, 35
3967, 35
3968, 35
3969, 35
3970, 35
3971, 35
3972, 35
3973, 35
3974, 35
3975, 35
3976, 35
3977, 35
3978, 35
3979, 35
3980, 35
3981, 35
3982, 35
3983, 36
3984, 36
3985, 36
3986, 36
3987, 36
3988, 36
3989, 36
3990, 36
3991, 36
3992, 36
3993, 36
3994, 36
3995, 36
3996, 36
3997, 36
3998, 36
3999, 36
4000, 36
4001, 36
4002, 36
4003, 36
4004, 36
4005, 36
4006, 36
4007, 36
4008, 36
4009, 36
4010, 36
4011, 36
4012, 36
4013, 37
4014, 37
4015, 37
4016, 37
4017, 37
4018, 37
4019, 37
4020, 37
4021, 37
4022, 37
4023, 37
4024, 37
4025, 37
4026, 37
4027, 37
4028, 37
4029, 37
4030, 37
4031, 37
4032, 37
4033, 37
4034, 37
4035, 37
4036, 37
4037, 37
4038, 37
4039, 37
4040, 37
4041, 37
4042, 37
4043, 38
4044, 38
4045, 38
4046, 38
4047, 38
4048, 38
4049, 38
4050, 38
4051, 38
4052, 38
4053, 38
4054, 38
4055, 38
4056, 38
4057, 38
4058, 38
4059, 38
4060, 38
4061, 38
4062, 38
4063, 38
4064, 38
4065, 38
4066, 38
4067, 38
4068, 38
4069, 38
4070, 38
4071, 38
4072, 38
4073, 39
4074, 39
4075, 39
4076, 39
4077, 39
4078, 39
4079, 39
4080, 39
4081, 39
4082, 39
4083, 39
4084, 39
4085, 39
4086, 39
4087, 39
4088, 39
4089, 39
4090, 39
4091, 39
4092, 39
4093, 39
4094, 39
4095, 39
4096, 39
4097, 39
4098, 39
4099, 39
4100, 39
4101, 39
4102, 39
4103, 40
4104, 40
4105, 40
4106, 40
4107, 40
4108, 40
4109, 40
4110, 40
4111, 40
4112, 40
4113, 40
4114, 40
4115, 40
4116, 40
4117, 40
4118, 40
4119, 40
4120, 40
4121, 40
4122, 40
4123, 40
4124, 40
4125, 40
4126, 40
4127, 40
4128, 40
4129, 40
4130, 40
4131, 40
4132, 40
4133, 41
4134, 41
4135, 41
4136, 41
4137, 41
4138, 41
4139, 41
4140, 41
4141, 41
4142, 41
4143, 41
4144, 41
4145, 41
4146, 41
4147, 41
4148, 41
4149, 41
4150, 41
4151, 41
4152, 41
4153, 41
4154, 41
4155, 41
4156, 41
4157, 41
4158, 41
4159, 41
4160, 41
4161, 41
4162, 41
4163, 42
4164, 42
4165, 42
4166, 42
4167, 42
4168, 42
4169, 42
4170, 42
4171, 42
4172, 42
4173, 42
4174, 42
4175, 42
4176, 42
4177, 42
4178, 42
4179, 42
4180, 42
4181, 42
4182, 42
4183, 42
4184, 42
4185, 42
4186, 42
4187, 42
4188, 42
4189, 42
4190, 42
4191, 42
4192, 42
4193, 43
4194, 43
4195, 43
4196, 43
4197, 43
4198, 43
4199, 43
4200, 43
4201, 43
4202, 43
4203, 43
4204, 43
4205, 43
4206, 43
4207, 43
4208, 43
4209, 43
4210, 43
4211, 43
4212, 43
4213, 43
4214, 43
4215, 43
4216, 43
4217, 43
4218, 43
4219, 43
4220, 43
4221, 43
4222, 43
4223, 44
4224, 44
4225, 44
4226, 44
4227, 44
4228, 44
4229, 44
4230, 44
4231, 44
4232, 44
4233, 44
4234, 44
4235, 44
4236, 44
4237, 44
4238, 44
4239, 44
4240, 44
4241, 44
4242, 44
4243, 44
4244, 44
4245, 44
4246, 44
4247, 44
4248, 44
4249, 44
4250, 44
4251, 44
4252, 44
4253, 45
4254, 45
4255, 45
4256, 45
4257, 45
4258, 45
4259, 45
4260, 45
4261, 45
4262, 45
4263, 45
4264, 45
4265, 45
4266, 45
4267, 45
4268, 45
4269, 45
4270, 45
4271, 45
4272, 45
4273, 45
4274, 45
4275, 45
4276, 45
4277, 45
4278, 45
4279, 45
4280, 45
4281, 45
4282, 45
4283, 46
4284, 46
4285, 46
4286, 46
4287, 46
4288, 46
4289, 46
4290, 46
4291, 46
4292, 46
4293, 46
4294, 46
4295, 46
4296, 46
4297, 46
4298, 46
4299, 46
4300, 46
4301, 46
4302, 46
4303, 46
4304, 46
4305, 46
4306, 46
4307, 46
4308, 46
4309, 46
4310, 46
4311, 46
4312, 46
4313, 47
4314, 47
4315, 47
4316, 47
4317, 47
4318, 47
4319, 47
4320, 47
4321, 47
4322, 47
4323, 47
4324, 47
4325, 47
4326, 47
4327, 47
4328, 47
4329, 47
4330, 47
4331, 47
4332, 47
4333, 47
4334, 47
4335, 47
4336, 47
4337, 47
4338, 47
4339, 47
4340, 47
4341, 47
4342, 47
4343, 48
4344, 48
4345, 48
4346, 48
4347, 48
4348, 48
4349, 48
4350, 48
4351, 48
4352, 48
4353, 48
4354, 48
4355, 48
4356, 48
4357, 48
4358, 48
4359, 48
4360, 48
4361, 48
4362, 48
4363, 48
4364, 48
4365, 48
4366, 48
4367, 48
4368, 48
4369, 48
4370, 48
4371, 48
4372, 48
4373, 49
4374, 49
4375, 49
4376, 49
4377, 49
4378, 49
4379, 49
4380, 49
4381, 49
4382, 49
4383, 49
4384, 49
4385, 49
4386, 49
4387, 49
4388, 49
4389, 49
4390, 49
4391, 49
4392, 49
4393, 49
4394, 49
4395, 49
4396, 49
4397, 49
4398, 49
4399, 49
4400, 49
4401, 49
4402, 49
4403, 50
4404, 50
4405, 50
4406, 50
4407, 50
4408, 50
4409, 50
4410, 50
4411, 50
4412, 50
4413, 50
4414, 50
4415, 50
4416, 50
4417, 50
4418, 50
4419, 50
4420, 50
4421, 50
4422, 50
4423, 50
4424, 50
4425, 50
4426, 50
4427, 50
4428, 50
4429, 50
4430, 50
4431, 50
4432, 50
4433, 51
4434, 51
4435, 51
4436, 51
4437, 51
4438, 51
4439, 51
4440, 51
4441, 51
4442, 51
4443, 51
4444, 51
4445, 51
4446, 51
4447, 51
4448, 51
4449, 51
4450, 51
4451, 51
4452, 51
4453, 51
4454, 51
4455, 51
4456, 51
4457, 51
4458, 51
4459, 51
4460, 51
4461, 51
4462, 51
4463, 52
4464, 52
4465, 52
4466, 52
4467, 52
4468, 52
4469, 52
4470, 52
4471, 52
4472, 52
4473, 52
4474, 52
4475, 52
4476, 52
4477, 52
4478, 52
4479, 52
4480, 52
4481, 52
4482, 52
4483, 52
4484, 52
4485, 52
4486, 52
4487, 52
4488, 52
4489, 52
4490, 52
4491, 52
4492, 52
4493, 53
4494, 53
4495, 53
4496, 53
4497, 53
4498, 53
4499, 53
4500, 53
4501, 53
4502, 53
4503, 53
4504, 53
4505, 53
4506, 53
4507, 53
4508, 53
4509, 53
4510, 53
4511, 53
4512, 53
4513, 53
4514, 53
4515, 53
4516, 53
4517, 53
4518, 53
4519, 53
4520, 53
4521, 53
4522, 53
4523, 54
4524, 54
4525, 54
4526, 54
4527, 54
4528, 54
4529, 54
4530, 54
4531, 54
4532, 54
4533, 54
4534, 54
4535, 54
4536, 54
4537, 54
4538, 54
4539, 54
4540, 54
4541, 54
4542, 54
4543, 54
4544, 54
4545, 54
4546, 54
4547, 54
4548, 54
4549, 54
4550, 54
4551, 54
4552, 54
4553, 55
4554, 55
4555, 55
4556, 55
4557, 55
4558, 55
4559, 55
4560, 55
4561, 55
4562, 55
4563, 55
4564, 55
4565, 55
4566, 55
4567, 55
4568, 55
4569, 55
4570, 55
4571, 55
4572, 55
4573, 55
4574, 55
4575, 55
4576, 55
4577, 55
4578, 55
4579, 55
4580, 55
4581, 55
4582, 55
4583, 56
4584, 56
4585, 56
4586, 56
4587, 56
4588, 56
4589, 56
4590, 56
4591, 56
4592, 56
4593, 56
4594, 56
4595, 56
4596, 56
4597, 56
4598, 56
4599, 56
4600, 56
4601, 56
4602, 56
4603, 56
4604, 56
4605, 56
4606, 56
4607, 56
4608, 56
4609, 56
4610, 56
4611, 56
4612, 56
4613, 57
4614, 57
4615, 57
4616, 57
4617, 57
4618, 57
4619, 57
4620, 57
4621, 57
4622, 57
4623, 57
4624, 57
4625, 57
4626, 57
4627, 57
4628, 57
4629, 57
4630, 57
4631, 57
4632, 57
4633, 57
4634, 57
4635, 57
4636, 57
4637, 57
4638, 57
4639, 57
4640, 57
4641, 57
4642, 57
4643, 58
4644, 58
4645, 58
4646, 58
4647, 58
4648, 58
4649, 58
4650, 58
4651, 58
4652, 58
4653, 58
4654, 58
4655, 58
4656, 58
4657, 58
4658, 58
4659, 58
4660, 58
4661, 58
4662, 58
4663, 58
4664, 58
4665, 58
4666, 58
4667, 58
4668, 58
4669, 58
4670, 58
4671, 58
4672, 58
4673, 59
4674, 59
4675, 59
4676, 59
4677, 59
4678, 59
4679, 59
4680, 59
4681, 59
4682, 59
4683, 59
4684, 59
4685, 59
4686, 59
4687, 59
4688, 59
4689, 59
4690, 59
4691, 59
4692, 59
4693, 59
4694, 59
4695, 59
4696, 59
4697, 59
4698, 59
4699, 59
4700, 59
4701, 59
4702, 59
4703, 60
4704, 60
4705, 60
4706, 60
4707, 60
4708, 60
4709, 60
4710, 60
4711, 60
4712, 60
4713, 60
4714, 60
4715, 60
4716, 60
4717, 60
4718, 60
4719, 60
4720, 60
4721, 60
4722, 60
4723, 60
4724, 60
4725, 60
4726, 60
4727, 60
4728, 60
4729, 60
4730, 60
4731, 60
4732, 60
4733, 61
4734, 61
4735, 61
4736, 61
4737, 61
4738, 61
4739, 61
4740, 61
4741, 61
4742, 61
4743, 61
4744, 61
4745, 61
4746, 61
4747, 61
4748, 61
4749, 61
4750, 61
4751, 61
4752, 61
4753, 61
4754, 61
4755, 61
4756, 61
4757, 61
4758, 61
4759, 61
4760, 61
4761, 61
4762, 61
4763, 62
4764, 62
4765, 62
4766, 62
4767, 62
4768, 62
4769, 62
4770, 62
4771, 62
4772, 62
4773, 62
4774, 62
4775, 62
4776, 62
4777, 62
4778, 62
4779, 62
4780, 62
4781, 62
4782, 62
4783, 62
4784, 62
4785, 62
4786, 62
4787, 62
4788, 62
4789, 62
4790, 62
4791, 62
4792, 62
4793, 63
4794, 63
4795, 63
4796, 63
4797, 63
4798, 63
4799, 63
4800, 63
4801, 63
4802, 63
4803, 63
4804, 63
4805, 63
4806, 63
4807, 63
4808, 63
4809, 63
4810, 63
4811, 63
4812, 63
4813, 63
4814, 63
4815, 63
4816, 63
4817, 63
4818, 63
4819, 63
4820, 63
4821, 63
4822, 63
4823, 64
4824, 64
4825, 64
4826, 64
4827, 64
4828, 64
4829, 64
4830, 64
4831, 64
4832, 64
4833, 64
4834, 64
4835, 64
4836, 64
4837, 64
4838, 64
4839, 64
4840, 64
4841, 64
4842, 64
4843, 64
4844, 64
4845, 64
4846, 64
4847, 64
4848, 64
4849, 64
4850, 64
4851, 64
4852, 64
4853, 65
4854, 65
4855, 65
4856, 65
4857, 65
4858, 65
4859, 65
4860, 65
4861, 65
4862, 65
4863, 65
4864, 65
4865, 65
4866, 65
4867, 65
4868, 65
4869, 65
4870, 65
4871, 65
4872, 65
4873, 65
4874, 65
4875, 65
4876, 65
4877, 65
4878, 65
4879, 65
4880, 65
4881, 65
4882, 65
4883, 66
4884, 66
4885, 66
4886, 66
4887, 66
4888, 66
4889, 66
4890, 66
4891, 66
4892, 66
4893, 66
4894, 66
4895, 66
4896, 66
4897, 66
4898, 66
4899, 66
4900, 66
4901, 66
4902, 66
4903, 66
4904, 66
4905, 66
4906, 66
4907, 66
4908, 66
4909, 66
4910, 66
4911, 66
4912, 66
4913, 67
4914, 67
4915, 67
4916, 67
4917, 67
4918, 67
4919, 67
4920, 67
4921, 67
4922, 67
4923, 67
4924, 67
4925, 67
4926, 67
4927, 67
4928, 67
4929, 67
4930, 67
4931, 67
4932, 67
4933, 67
4934, 67
4935, 67
4936, 67
4937, 67
4938, 67
4939, 67
4940, 67
4941, 67
4942, 67
4943, 68
4944, 68
4945, 68
4946, 68
4947, 68
4948, 68
4949, 68
4950, 68
4951, 68
4952, 68
4953, 68
4954, 68
4955, 68
4956, 68
4957, 68
4958, 68
4959, 68
4960, 68
4961, 68
4962, 68
4963, 68
4964, 68
4965, 68
4966, 68
4967, 68
4968, 68
4969, 68
4970, 68
4971, 68
4972, 68
4973, 69
4974, 69
4975, 69
4976, 69
4977, 69
4978, 69
4979, 69
4980, 69
4981, 69
4982, 69
4983, 69
4984, 69
4985, 69
4986, 69
4987, 69
4988, 69
4989, 69
4990, 69
4991, 69
4992, 69
4993, 69
4994, 69
4995, 69
4996, 69
4997, 69
4998, 69
4999, 69
5000, 69
5001, 69
5002, 69
5003, 70
5004, 70
5005, 70
5006, 70
5007, 70
5008, 70
5009, 70
5010, 70
5011, 70
5012, 70
5013, 70
5014, 70
5015, 70
5016, 70
5017, 70
5018, 70
5019, 70
5020, 70
5021, 70
5022, 70
5023, 70
5024, 70
5025, 70
5026, 70
5027, 70
5028, 70
5029, 70
5030, 70
5031, 70
5032, 70
5033, 71
5034, 71
5035, 71
5036, 71
5037, 71
5038, 71
5039, 71
5040, 71
5041, 71
5042, 71
5043, 71
5044, 71
5045, 71
5046, 71
5047, 71
5048, 71
5049, 71
5050, 71
5051, 71
5052, 71
5053, 71
5054, 71
5055, 71
5056, 71
5057, 71
5058, 71
5059, 71
5060, 71
5061, 71
5062, 71
5063, 72
5064, 72
5065, 72
5066, 72
5067, 72
5068, 72
5069, 72
5070, 72
5071, 72
5072, 72
5073, 72
5074, 72
5075, 72
5076, 72
5077, 72
5078, 72
5079, 72
5080, 72
5081, 72
5082, 72
5083, 72
5084, 72
5085, 72
5086, 72
5087, 72
5088, 72
5089, 72
5090, 72
5091, 72
5092, 72
5093, 73
5094, 73
5095, 73
5096, 73
5097, 73
5098, 73
5099, 73
5100, 73
5101, 73
5102, 73
5103, 73
5104, 73
5105, 73
5106, 73
5107, 73
5108, 73
5109, 73
5110, 73
5111, 73
5112, 73
5113, 73
5114, 73
5115, 73
5116, 73
5117, 73
5118, 73
5119, 73
5120, 73
5121, 73
5122, 73
5123, 74
5124, 74
5125, 74
5126, 74
5127, 74
5128, 74
5129, 74
5130, 74
5131, 74
5132, 74
5133, 74
5134, 74
5135, 74
5136, 74
5137, 74
5138, 74
5139, 74
5140, 74
5141, 74
5142, 74
5143, 74
5144, 74
5145, 74
5146, 74
5147, 74
5148, 74
5149, 74
5150, 74
5151, 74
5152, 74
5153, 75
5154, 75
5155, 75
5156, 75
5157, 75
5158, 75
5159, 75
5160, 75
5161, 75
5162, 75
5163, 75
5164, 75
5165, 75
5166, 75
5167, 75
5168, 75
5169, 75
5170, 75
5171, 75
5172, 75
5173, 75
5174, 75
5175, 75
5176, 75
5177, 75
5178, 75
5179, 75
5180, 75
5181, 75
5182, 75
5183, 76
5184, 76
5185, 76
5186, 76
5187, 76
5188, 76
5189, 76
5190, 76
5191, 76
5192, 76
5193, 76
5194, 76
5195, 76
5196, 76
5197, 76
5198, 76
5199, 76
5200, 76
5201, 76
5202, 76
5203, 76
5204, 76
5205, 76
5206, 76
5207, 76
5208, 76
5209, 76
5210, 76
5211, 76
5212, 76
5213, 77
5214, 77
5215, 77
5216, 77
5217, 77
5218, 77
5219, 77
5220, 77
5221, 77
5222, 77
5223, 77
5224, 77
5225, 77
5226, 77
5227, 77
5228, 77
5229, 77
5230, 77
5231, 77
5232, 77
5233, 77
5234, 77
5235, 77
5236, 77
5237, 77
5238, 77
5239, 77
5240, 77
5241, 77
5242, 77
5243, 78
5244, 78
5245, 78
5246, 78
5247, 78
5248, 78
5249, 78
5250, 78
5251, 78
5252, 78
5253, 78
5254, 78
5255, 78
5256, 78
5257, 78
5258, 78
5259, 78
5260, 78
5261, 78
5262, 78
5263, 78
5264, 78
5265, 78
5266, 78
5267, 78
5268, 78
5269, 78
5270, 78
5271, 78
5272, 78
5273, 79
5274, 79
5275, 79
5276, 79
5277, 79
5278, 79
5279, 79
5280, 79
5281, 79
5282, 79
5283, 79
5284, 79
5285, 79
5286, 79
5287, 79
5288, 79
5289, 79
5290, 79
5291, 79
5292, 79
5293, 79
5294, 79
5295, 79
5296, 79
5297, 79
5298, 79
5299, 79
5300, 79
5301, 79
5302, 79
5303, 80
5304, 80
5305, 80
5306, 80
5307, 80
5308, 80
5309, 80
5310, 80
5311, 80
5312, 80
5313, 80
5314, 80
5315, 80
5316, 80
5317, 80
5318, 80
5319, 80
5320, 80
5321, 80
5322, 80
5323, 80
5324, 80
5325, 80
5326, 80
5327, 80
5328, 80
5329, 80
5330, 80
5331, 80
5332, 80
5333, 81
5334, 81
5335, 81
5336, 81
5337, 81
5338, 81
5339, 81
5340, 81
5341, 81
5342, 81
5343, 81
5344, 81
5345, 81
5346, 81
5347, 81
5348, 81
5349, 81
5350, 81
5351, 81
5352, 81
5353, 81
5354, 81
5355, 81
5356, 81
5357, 81
5358, 81
5359, 81
5360, 81
5361, 81
5362, 81
5363, 82
5364, 82
5365, 82
5366, 82
5367, 82
5368, 82
5369, 82
5370, 82
5371, 82
5372, 82
5373, 82
5374, 82
5375, 82
5376, 82
5377, 82
5378, 82
5379, 82
5380, 82
5381, 82
5382, 82
5383, 82
5384, 82
5385, 82
5386, 82
5387, 82
5388, 82
5389, 82
5390, 82
5391, 82
5392, 82
5393, 83
5394, 83
5395, 83
5396, 83
5397, 83
5398, 83
5399, 83
5400, 83
5401, 83
5402, 83
5403, 83
5404, 83
5405, 83
5406, 83
5407, 83
5408, 83
5409, 83
5410, 83
5411, 83
5412, 83
5413, 83
5414, 83
5415, 83
5416, 83
5417, 83
5418, 83
5419, 83
5420, 83
5421, 83
5422, 83
5423, 84
5424, 84
5425, 84
5426, 84
5427, 84
5428, 84
5429, 84
5430, 84
5431, 84
5432, 84
5433, 84
5434, 84
5435, 84
5436, 84
5437, 84
5438, 84
5439, 84
5440, 84
5441, 84
5442, 84
5443, 84
5444, 84
5445, 84
5446, 84
5447, 84
5448, 84
5449, 84
5450, 84
5451, 84
5452, 84
5453, 85
5454, 85
5455, 85
5456, 85
5457, 85
5458, 85
5459, 85
5460, 85
5461, 85
5462, 85
5463, 85
5464, 85
5465, 85
5466, 85
5467, 85
5468, 85
5469, 85
5470, 85
5471, 85
5472, 85
5473, 85
5474, 85
5475, 85
5476, 85
5477, 85
5478, 85
5479, 85
5480, 85
5481, 85
5482, 85
5483, 86
5484, 86
5485, 86
5486, 86
5487, 86
5488, 86
5489, 86
5490, 86
5491, 86
5492, 86
5493, 86
5494, 86
5495, 86
5496, 86
5497, 86
5498, 86
5499, 86
5500, 86
5501, 86
5502, 86
5503, 86
5504, 86
5505, 86
5506, 86
5507, 86
5508, 86
5509, 86
5510, 86
5511, 86
5512, 86
5513, 87
5514, 87
5515, 87
5516, 87
5517, 87
5518, 87
5519, 87
5520, 87
5521, 87
5522, 87
5523, 87
5524, 87
5525, 87
5526, 87
5527, 87
5528, 87
5529, 87
5530, 87
5531, 87
5532, 87
5533, 87
5534, 87
5535, 87
5536, 87
5537, 87
5538, 87
5539, 87
5540, 87
5541, 87
5542, 87
5543, 88
5544, 88
5545, 88
5546, 88
5547, 88
5548, 88
5549, 88
5550, 88
5551, 88
5552, 88
5553, 88
5554, 88
5555, 88
5556, 88
5557, 88
5558, 88
5559, 88
5560, 88
5561, 88
5562, 88
5563, 88
5564, 88
5565, 88
5566, 88
5567, 88
5568, 88
5569, 88
5570, 88
5571, 88
5572, 88
5573, 89
5574, 89
5575, 89
5576, 89
5577, 89
5578, 89
5579, 89
5580, 89
5581, 89
5582, 89
5583, 89
5584, 89
5585, 89
5586, 89
5587, 89
5588, 89
5589, 89
5590, 89
5591, 89
5592, 89
5593, 89
5594, 89
5595, 89
5596, 89
5597, 89
5598, 89
5599, 89
5600, 89
5601, 89
5602, 89
5603, 90
5604, 90
5605, 90
5606, 90
5607, 90
5608, 90
5609, 90
5610, 90
5611, 90
5612, 90
5613, 90
5614, 90
5615, 90
5616, 90
5617, 90
5618, 90
5619, 90
5620, 90
5621, 90
5622, 90
5623, 90
5624, 90
5625, 90
5626, 90
5627, 90
5628, 90
5629, 90
5630, 90
5631, 90
5632, 90
5633, 91
5634, 91
5635, 91
5636, 91
5637, 91
5638, 91
5639, 91
5640, 91
5641, 91
5642, 91
5643, 91
5644, 91
5645, 91
5646, 91
5647, 91
5648, 91
5649, 91
5650, 91
5651, 91
5652, 91
5653, 91
5654, 91
5655, 91
5656, 91
5657, 91
5658, 91
5659, 91
5660, 91
5661, 91
5662, 91
5663, 92
5664, 92
5665, 92
5666, 92
5667, 92
5668, 92
5669, 92
5670, 92
5671, 92
5672, 92
5673, 92
5674, 92
5675, 92
5676, 92
5677, 92
5678, 92
5679, 92
5680, 92
5681, 92
5682, 92
5683, 92
5684, 92
5685, 92
5686, 92
5687, 92
5688, 92
5689, 92
5690, 92
5691, 92
5692, 92
5693, 93
5694, 93
5695, 93
5696, 93
5697, 93
5698, 93
5699, 93
5700, 93
5701, 93
5702, 93
5703, 93
5704, 93
5705, 93
5706, 93
5707, 93
5708, 93
5709, 93
5710, 93
5711, 93
5712, 93
5713, 93
5714, 93
5715, 93
5716, 93
5717, 93
5718, 93
5719, 93
5720, 93
5721, 93
5722, 94
5723, 94
5724, 94
5725, 94
5726, 94
5727, 94
5728, 94
5729, 94
5730, 94
5731, 94
5732, 94
5733, 94
5734, 94
5735, 94
5736, 94
5737, 94
5738, 94
5739, 94
5740, 94
5741, 94
5742, 94
5743, 94
5744, 94
5745, 94
5746, 94
5747, 94
5748, 94
5749, 94
5750, 94
5751, 94
5752, 95
5753, 95
5754, 95
5755, 95
5756, 95
5757, 95
5758, 95
5759, 95
5760, 95
5761, 95
5762, 95
5763, 95
5764, 95
5765, 95
5766, 95
5767, 95
5768, 95
5769, 95
5770, 95
5771, 95
5772, 95
5773, 95
5774, 95
5775, 95
5776, 95
5777, 95
5778, 95
5779, 95
5780, 95
5781, 95
5782, 96
5783, 96
5784, 96
5785, 96
5786, 96
5787, 96
5788, 96
5789, 96
5790, 96
5791, 96
5792, 96
5793, 96
5794, 96
5795, 96
5796, 96
5797, 96
5798, 96
5799, 96
5800, 96
5801, 96
5802, 96
5803, 96
5804, 96
5805, 96
5806, 96
5807, 96
5808, 96
5809, 96
5810, 96
5811, 96
5812, 97
5813, 97
5814, 97
5815, 97
5816, 97
5817, 97
5818, 97
5819, 97
5820, 97
5821, 97
5822, 97
5823, 97
5824, 97
5825, 97
5826, 97
5827, 97
5828, 97
5829, 97
5830, 97
5831, 97
5832, 97
5833, 97
5834, 97
5835, 97
5836, 97
5837, 97
5838, 97
5839, 97
5840, 97
5841, 97
5842, 98
5843, 98
5844, 98
5845, 98
5846, 98
5847, 98
5848, 98
5849, 98
5850, 98
5851, 98
5852, 98
5853, 98
5854, 98
5855, 98
5856, 98
5857, 98
5858, 98
5859, 98
5860, 98
5861, 98
5862, 98
5863, 98
5864, 98
5865, 98
5866, 98
5867, 98
5868, 98
5869, 98
5870, 98
5871, 98
5872, 99
5873, 99
5874, 99
5875, 99
5876, 99
5877, 99
5878, 99
5879, 99
5880, 99
5881, 99
5882, 99
5883, 99
5884, 99
5885, 99
5886, 99
5887, 99
5888, 99
5889, 99
5890, 99
5891, 99
5892, 99
5893, 99
5894, 99
5895, 99
5896, 99
5897, 99
5898, 99
5899, 99
5900, 99
5901, 99
